INFORMATION_NEED 1
precision 0.300
recall 0.750
F1 0.429
prec@10 0.300
average_precision 0.407
recall_precision
interpolated_recall_precision
0.750 1.000
0.750 1.000
0.750 0.667
0.750 0.500
0.750 0.400
0.750 0.364
0.750 0.364
0.750 0.364
0.750 0.364
0.750 0.364
0.750 0.364
0.750 0.333
0.750 0.333
0.750 0.333
0.750 0.333
0.750 0.312
0.750 0.300
0.750 0.300
0.750 0.300
0.750 0.300
1.000 1.000
1.000 0.667
1.000 0.667
1.000 0.500
1.000 0.400
1.000 0.400
1.000 0.400
1.000 0.400
1.000 0.400
1.000 0.400
INFORMATION_NEED 2
precision 0.400
recall 1.000
F1 0.571
prec@10 0.400
average_precision 0.467
recall_precision
interpolated_recall_precision
0.750 1.000
0.750 1.000
0.750 0.667
0.750 0.500
0.750 0.400
0.750 0.364
0.750 0.364
0.750 0.364
0.750 0.364
0.750 0.364
0.750 0.364
0.750 0.333
0.750 0.333
0.750 0.333
0.750 0.333
0.750 0.312
0.750 0.300
0.750 0.300
0.750 0.300
0.750 0.300
1.000 1.000
1.000 0.667
1.000 0.667
1.000 0.500
1.000 0.400
1.000 0.400
1.000 0.400
1.000 0.400
1.000 0.400
1.000 0.400
